V_cmd(t) = 0, t < 0
V_cmd(t) = -0.00029188 + 0.852705*cos(2*pi*1*t/2.5) + 0.374768*sin(2*pi*1*t/2.5) - 0.575536*cos(2*pi*2*t/2.5) + 0.54819*sin(2*pi*2*t/2.5) - 0.0624626*cos(2*pi*3*t/2.5) - 0.118451*sin(2*pi*3*t/2.5) - 0.110573*cos(2*pi*4*t/2.5) - 0.00200826*sin(2*pi*4*t/2.5) - 0.0117497*cos(2*pi*5*t/2.5) - 0.000436289*sin(2*pi*5*t/2.5) - 0.0332889*cos(2*pi*6*t/2.5) - 0.0230634*sin(2*pi*6*t/2.5) - 0.0154904*cos(2*pi*7*t/2.5) + 0.00380643*sin(2*pi*7*t/2.5) - 0.00953626*cos(2*pi*8*t/2.5) - 0.01407*sin(2*pi*8*t/2.5) - 0.0154322*cos(2*pi*9*t/2.5) - 0.00302164*sin(2*pi*9*t/2.5), 0 <= t <= 2.5
V_cmd(t) = 0, t > 2.5