V_cmd(t) = 0, t < 0
V_cmd(t) = 0.148015 + 0.0611027*cos(2*pi*1*t/0.583333) + 0.137476*sin(2*pi*1*t/0.583333) + 0.136219*cos(2*pi*2*t/0.583333) - 0.148655*sin(2*pi*2*t/0.583333) + 0.530712*cos(2*pi*3*t/0.583333) + 0.178453*sin(2*pi*3*t/0.583333) + 0.0667666*cos(2*pi*4*t/0.583333) + 0.72988*sin(2*pi*4*t/0.583333) - 0.567857*cos(2*pi*5*t/0.583333) + 0.314205*sin(2*pi*5*t/0.583333) - 0.30414*cos(2*pi*6*t/0.583333) - 0.233691*sin(2*pi*6*t/0.583333) + 0.025443*cos(2*pi*7*t/0.583333) - 0.0906824*sin(2*pi*7*t/0.583333) - 0.08195*cos(2*pi*8*t/0.583333) + 0.0183896*sin(2*pi*8*t/0.583333) - 0.0613021*cos(2*pi*9*t/0.583333) - 0.0896761*sin(2*pi*9*t/0.583333), 0 <= t <= 0.583333
V_cmd(t) = 0, t > 0.583333