V_cmd(t) = 0, t < 0
V_cmd(t) = 0.0289815 + 0.0622764*cos(2*pi*1*t/1.2) - 0.0202658*sin(2*pi*1*t/1.2) + 0.165491*cos(2*pi*2*t/1.2) + 0.0952609*sin(2*pi*2*t/1.2) - 0.0875773*cos(2*pi*3*t/1.2) + 0.217009*sin(2*pi*3*t/1.2) - 0.128232*cos(2*pi*4*t/1.2) - 0.0515277*sin(2*pi*4*t/1.2) + 0.0131771*cos(2*pi*5*t/1.2) - 0.00171427*sin(2*pi*5*t/1.2) - 0.0482484*cos(2*pi*6*t/1.2) - 0.00562727*sin(2*pi*6*t/1.2) + 0.000584995*cos(2*pi*7*t/1.2) - 0.0167426*sin(2*pi*7*t/1.2) - 0.0215718*cos(2*pi*8*t/1.2) - 0.0151468*sin(2*pi*8*t/1.2) + 0.0234625*cos(2*pi*9*t/1.2) - 0.0194769*sin(2*pi*9*t/1.2), 0 <= t <= 1.2
V_cmd(t) = 0, t > 1.2