V_cmd(t) = 0, t < 0
V_cmd(t) = -0.000153683 + 0.374762*cos(2*pi*1*t/2.5) + 0.133372*sin(2*pi*1*t/2.5) - 0.23637*cos(2*pi*2*t/2.5) + 0.293282*sin(2*pi*2*t/2.5) - 0.0508901*cos(2*pi*3*t/2.5) - 0.0737335*sin(2*pi*3*t/2.5) - 0.0731121*cos(2*pi*4*t/2.5) + 0.0123413*sin(2*pi*4*t/2.5) + 0.00443369*cos(2*pi*5*t/2.5) - 0.0488428*sin(2*pi*5*t/2.5) + 0.00533088*cos(2*pi*6*t/2.5) + 0.00071928*sin(2*pi*6*t/2.5) + 0.000749583*cos(2*pi*7*t/2.5) - 0.000599486*sin(2*pi*7*t/2.5) + 0.00241903*cos(2*pi*8*t/2.5) + 0.0103848*sin(2*pi*8*t/2.5) - 0.0157038*cos(2*pi*9*t/2.5) - 9.49851e-05*sin(2*pi*9*t/2.5), 0 <= t <= 2.5
V_cmd(t) = 0, t > 2.5